20
0.00 0.95 1.23 0.95 0.87 1.17 0.93 0.60 0.92 1.03 1.26 0.80 1.41 1.15 1.00 0.49 0.17 0.72 1.63 0.81
0.95 0.00 1.07 0.58 0.64 0.90 0.94 1.42 0.56 0.68 0.80 1.04 1.13 1.43 0.94 0.88 1.19 0.84 1.16 1.15
1.23 1.07 0.00 0.49 1.01 1.28 0.59 1.16 0.89 0.96 1.02 0.73 1.12 0.98 1.18 1.28 1.52 0.80 1.02 0.91
0.95 0.58 0.49 0.00 0.92 1.21 0.55 1.27 0.50 1.21 0.37 0.90 1.44 0.97 0.87 1.15 1.36 0.60 1.12 0.99
0.87 0.64 1.01 0.92 0.00 1.41 0.61 1.54 1.16 0.94 1.08 0.61 0.64 1.75 1.30 0.47 0.95 0.28 1.43 1.54
1.17 0.90 1.28 1.21 1.41 0.00 0.82 1.16 0.66 0.82 0.96 1.44 1.39 0.78 0.49 1.31 0.87 1.54 0.44 0.74
0.93 0.94 0.59 0.55 0.61 0.82 0.00 1.62 0.83 1.03 0.67 0.88 1.37 1.36 0.76 0.84 0.99 0.61 0.87 1.00
0.60 1.42 1.16 1.27 1.54 1.16 1.62 0.00 1.17 1.03 1.41 1.28 1.06 0.50 0.88 0.91 0.69 1.32 1.38 0.55
0.92 0.56 0.89 0.50 1.16 0.66 0.83 1.17 0.00 1.49 0.76 0.82 1.17 0.55 1.08 1.56 1.01 0.70 1.17 1.33
1.03 0.68 0.96 1.21 0.94 0.82 1.03 1.03 1.49 0.00 1.25 1.47 1.28 1.62 0.59 0.52 1.14 1.56 0.75 0.38
1.26 0.80 1.02 0.37 1.08 0.96 0.67 1.41 0.76 1.25 0.00 1.22 1.26 0.94 0.62 1.11 1.37 0.95 0.57 0.98
0.80 1.04 0.73 0.90 0.61 1.44 0.88 1.28 0.82 1.47 1.22 0.00 0.78 1.06 1.90 1.25 0.76 0.32 1.36 1.69
1.41 1.13 1.12 1.44 0.64 1.39 1.37 1.06 1.17 1.28 1.26 0.78 0.00 0.99 1.52 1.05 1.27 0.71 1.23 1.67
1.15 1.43 0.98 0.97 1.75 0.78 1.36 0.50 0.55 1.62 0.94 1.06 0.99 0.00 1.04 1.74 1.04 1.19 0.93 1.02
1.00 0.94 1.18 0.87 1.30 0.49 0.76 0.88 1.08 0.59 0.62 1.90 1.52 1.04 0.00 0.68 1.08 1.52 0.63 0.26
0.49 0.88 1.28 1.15 0.47 1.31 0.84 0.91 1.56 0.52 1.11 1.25 1.05 1.74 0.68 0.00 0.67 0.88 1.34 0.70
0.17 1.19 1.52 1.36 0.95 0.87 0.99 0.69 1.01 1.14 1.37 0.76 1.27 1.04 1.08 0.67 0.00 0.87 1.36 0.97
0.72 0.84 0.80 0.60 0.28 1.54 0.61 1.32 0.70 1.56 0.95 0.32 0.71 1.19 1.52 0.88 0.87 0.00 1.66 1.71
1.63 1.16 1.02 1.12 1.43 0.44 0.87 1.38 1.17 0.75 0.57 1.36 1.23 0.93 0.63 1.34 1.36 1.66 0.00 0.70
0.81 1.15 0.91 0.99 1.54 0.74 1.00 0.55 1.33 0.38 0.98 1.69 1.67 1.02 0.26 0.70 0.97 1.71 0.70 0.00
